8 999 1 max 1
16 999 2 max 2
24 999 5 max 7
32 999 6 max 8
40 999 7 max 9
48 999 8 max 10
56 999 8 max 11
64 999 9 max 11
72 999 9 max 11
80 999 10 max 15
88 999 11 max 14
96 999 11 max 14
104 999 11 max 13
112 999 12 max 16
120 999 13 max 15
128 999 13 max 17
136 999 14 max 18
144 999 14 max 18
152 999 14 max 18
160 999 15 max 20
168 999 16 max 20
176 999 16 max 19
184 999 16 max 20
192 999 17 max 20
200 999 17 max 20
208 999 18 max 22
216 999 18 max 22
224 999 19 max 22
232 999 19 max 24
240 999 19 max 23
248 999 20 max 24
256 999 20 max 24
264 999 21 max 25
272 999 21 max 25
280 999 21 max 25
288 999 22 max 25
296 999 22 max 28
304 999 23 max 27
312 999 23 max 27
320 999 24 max 29
328 999 24 max 29
336 999 24 max 29
344 999 25 max 31
352 999 25 max 29
360 999 25 max 29
368 999 26 max 30
376 999 26 max 32
384 999 27 max 32
392 999 27 max 32
400 999 27 max 32
408 999 28 max 34
416 999 28 max 33
424 999 29 max 36
432 999 29 max 34
440 999 29 max 38
448 999 30 max 34
456 999 30 max 33
464 999 31 max 37
472 999 31 max 38
480 999 31 max 36
488 999 32 max 37
496 999 32 max 40
504 999 32 max 38
512 999 33 max 37
520 999 33 max 39
528 999 34 max 38
536 999 34 max 40
544 999 34 max 40
552 999 35 max 40
560 999 35 max 45
568 999 35 max 40
576 999 35 max 42
584 999 36 max 41
592 999 36 max 42
600 999 37 max 42
608 999 37 max 46
616 999 37 max 43
624 999 38 max 46
632 999 38 max 45
640 999 38 max 46
648 999 39 max 48
656 999 39 max 46
664 999 39 max 46
672 999 40 max 48
680 999 40 max 48
688 999 41 max 48
696 999 41 max 48
704 999 42 max 46
712 999 42 max 47
720 999 42 max 47
728 999 42 max 52
736 999 43 max 48
744 999 43 max 49
752 999 43 max 52
760 999 44 max 51
768 999 44 max 52
776 999 44 max 50
784 999 45 max 54
792 999 45 max 53
800 999 45 max 51
808 999 46 max 55
816 999 46 max 54
824 999 47 max 53
832 999 47 max 53
840 999 47 max 54
848 999 48 max 53
856 999 47 max 53
864 999 48 max 56
872 999 48 max 56
880 999 49 max 54
888 999 49 max 55
896 999 50 max 54
904 999 50 max 55
912 999 50 max 58
920 999 51 max 58
928 999 51 max 56
936 999 51 max 57
944 999 51 max 58
952 999 52 max 61
960 999 52 max 61
968 999 52 max 59
976 999 53 max 61
984 999 53 max 60
992 999 53 max 63
1000 999 54 max 62
1008 999 54 max 62
1016 999 54 max 61
1024 999 55 max 62
1032 999 55 max 63
1040 999 56 max 66
1048 999 56 max 64
1056 999 56 max 63
1064 999 56 max 64
1072 999 57 max 69
1080 999 58 max 71
1088 999 57 max 66
1096 999 58 max 64
1104 999 58 max 65
1112 999 59 max 67
1120 999 59 max 67
1128 999 59 max 66
1136 999 60 max 68
1144 999 60 max 70
1152 999 60 max 67
1160 999 60 max 68
1168 999 61 max 70
1176 999 61 max 68
1184 999 62 max 68
1192 999 62 max 73
1200 999 62 max 69
1208 999 62 max 70
1216 999 63 max 69
1224 999 63 max 69
1232 999 63 max 74
1240 999 64 max 71
1248 999 64 max 73
1256 999 65 max 75
1264 999 65 max 74
1272 999 65 max 76
1280 999 65 max 74
1288 999 65 max 72
1296 999 66 max 74
1304 999 67 max 74
1312 999 67 max 77
1320 999 67 max 75
1328 999 67 max 76
1336 999 68 max 77
1344 999 68 max 74
1352 999 68 max 75
1360 999 69 max 75
1368 999 69 max 76
1376 999 69 max 77
1384 999 69 max 82
1392 999 70 max 75
1400 999 70 max 78
1408 999 71 max 81
1416 999 71 max 80
1424 999 71 max 79
1432 999 71 max 80
1440 999 72 max 80
1448 999 73 max 80
1456 999 72 max 80
1464 999 72 max 84
1472 999 73 max 81
1480 999 73 max 84
1488 999 74 max 80
1496 999 74 max 82
1504 999 75 max 82
1512 999 75 max 87
1520 999 75 max 86
1528 999 75 max 83
1536 999 76 max 84
1544 999 76 max 87
1552 999 76 max 88
1560 999 76 max 88
1568 999 77 max 87
1576 999 78 max 90
1584 999 78 max 93
1592 999 78 max 87
1600 999 78 max 90
1608 999 78 max 86
1616 999 79 max 92
1624 999 79 max 89
1632 999 79 max 89
1640 999 80 max 89
1648 999 80 max 89
1656 999 81 max 90
1664 999 81 max 88
1672 999 81 max 89
1680 999 81 max 90
1688 999 82 max 90
1696 999 82 max 93
1704 999 82 max 91
1712 999 83 max 93
1720 999 83 max 91
1728 999 83 max 95
1736 999 83 max 92
1744 999 84 max 92
1752 999 84 max 90
1760 999 84 max 92
1768 999 85 max 92
1776 999 85 max 93
1784 999 85 max 94
1792 999 85 max 94
1800 999 86 max 96
1808 999 86 max 96
1816 999 87 max 96
1824 999 87 max 97
1832 999 87 max 96
1840 999 88 max 94
1848 999 88 max 94
1856 999 88 max 99
1864 999 88 max 95
1872 999 88 max 96
1880 999 90 max 99
1888 999 90 max 96
1896 999 90 max 98
1904 999 90 max 100
1912 999 91 max 99
1920 999 91 max 100
1928 999 91 max 100
1936 999 91 max 105
1944 999 92 max 105
1952 999 92 max 99
1960 999 92 max 99
1968 999 92 max 101
1976 999 93 max 104
1984 999 93 max 104
1992 999 94 max 101
2000 999 94 max 104
2008 999 94 max 102
2016 999 95 max 108
2024 999 95 max 103
2032 999 94 max 103
2040 999 95 max 106
2048 999 96 max 106
